     1	.00300
    11	.00300
    21	.00300
    31	.00300
    41	.00400
    51	.00300
    61	.00300
    71	.00400
    81	.00400
    91	.00300
   101	.00300
   111	.00200
   121	.00200
   131	.00300
   141	.00300
   151	.00300
   161	.00300
   171	.00400
   181	.00400
   191	.00300
   201	.00300
   211	.00300
   221	.00300
   231	.00300
   241	.00300
   251	.00700
   261	.00600
   271	.00400
   281	.00400
   291	.00300
   301	.00300
   311	.00200
   321	.00200
   331	.00300
   341	.00200
   351	.00300
   361	.00300
   371	.00300
   381	.00400
   391	.00300
   401	.00300
   411	.00300
   421	.00400
   431	.00300
   441	.00300
   451	.00600
   461	.00600
   471	.00300
   481	.00400
   491	.00300
   501	.00300
   511	.00300
   521	.00400
   531	.00300
   541	.00300
   551	.00300
   561	.00300
   571	.00300
   581	.00300
   591	.00300
   601	.00200
   611	.00200
   621	.00200
   631	.00200
   641	.00300
   651	.00300
   661	.00300
   671	.00300
   681	.00300
   691	.00200
   701	.00600
   711	.00500
   721	.00200
   731	.00200
   741	.00200
   751	.00200
   761	.00200
   771	.00300
   781	.00300
   791	.00300
   801	.00200
   811	.00200
   821	.00300
   831	.00300
   841	.00400
   851	.00300
   861	.00400
   871	.00400
   881	.00300
   891	.00300
   901	.00500
   911	.00500
   921	.00300
   931	.00200
   941	.00300
   951	.00200
   961	.00200
   971	.00200
   981	.00200
   991	.00300
  1001	.00300
  1011	.00300
  1021	.00200
  1031	.00200
  1041	.00200
  1051	.00200
  1061	.00300
  1071	.00300
  1081	.00200
  1091	.00200
  1101	.00200
  1111	.00200
  1121	.00200
  1131	.00200
  1141	.00200
  1151	.00200
  1161	.00200
  1171	.00200
  1181	.00200
  1191	.00200
  1201	.00300
  1211	.00300
  1221	.00200
  1231	.00200
  1241	.00300
  1251	.00300
  1261	.00200
  1271	.00200
  1281	.00600
  1291	.00600
  1301	.00300
  1311	.00300
  1321	.00200
  1331	.00200
  1341	.00300
  1351	.00300
  1361	.00300
  1371	.00300
  1381	.00200
  1391	.00200
  1401	.00200
  1411	.00200
  1421	.00200
  1431	.00200
  1441	.00200
  1451	.00200
  1461	.00200
  1471	.00300
  1481	.00200
  1491	.00200
  1501	.00200
  1511	.00200
  1521	.00200
  1531	.00200
  1541	.00200
  1551	.00200
  1561	.00200
  1571	.00200
  1581	.00200
  1591	.00200
  1601	.00300
  1611	.00200
  1621	.00200
  1631	.00200
  1641	.00200
  1651	.00200
  1661	.00200
  1671	.00200
  1681	.00300
  1691	.00300
  1701	.00200
  1711	.00200
  1721	.00200
  1731	.00200
  1741	.00200
  1751	.00200
  1761	.00200
  1771	.00200
  1781	.00200
  1791	.00300
  1801	.00300
  1811	.00300
  1821	.00300
  1831	.00200
  1841	.00200
  1851	.00200
  1861	.00300
  1871	.00300
  1881	.00300
  1891	.00300
  1901	.00200
  1911	.00200
  1921	.00300
  1931	.00500
  1941	.00500
  1951	.00300
  1961	.00300
  1971	.00300
  1981	.00300
  1991	.00400
  2001	.00300
  2011	.00300
  2021	.00200
  2031	.00200
  2041	.00200
  2051	.00200
  2061	.00200
  2071	.00300
  2081	.00300
  2091	.00300
  2101	.00300
  2111	.00300
  2121	.00300
  2131	.00200
  2141	.00200
  2151	.00200
  2161	.00200
  2171	.00200
  2181	.00300
  2191	.00300
  2201	.00300
  2211	.00300
  2221	.00300
  2231	.00300
  2241	.00200
  2251	.00200
  2261	.00200
  2271	.00200
  2281	.00200
  2291	.00300
  2301	.00300
  2311	.00300
  2321	.00200
  2331	.00300
  2341	.00400
  2351	.00300
  2361	.00400
  2371	.00500
  2381	.00300
  2391	.00300
  2401	.00300
  2411	.00400
  2421	.00300
  2431	.00300
  2441	.00300
  2451	.00200
  2461	.00200
  2471	.00300
  2481	.00300
  2491	.00300
  2501	.00300
  2511	.00200
  2521	.00200
  2531	.00200
  2541	.00200
  2551	.00300
  2561	.00300
  2571	.00300
  2581	.00300
  2591	.00200
  2601	.00200
  2611	.00400
  2621	.00400
  2631	.00200
  2641	.00200
  2651	.00300
  2661	.00300
  2671	.00200
  2681	.00200
  2691	.00400
  2701	.00400
  2711	.00200
  2721	.00200
  2731	.00300
  2741	.00300
  2751	.00200
  2761	.00200
  2771	.00200
  2781	.00200
  2791	.00200
  2801	.00200
  2811	.00200
  2821	.00200
  2831	.00200
  2841	.00200
  2851	.00200
  2861	.00200
  2871	.00400
  2881	.00400
  2891	.00200
  2901	.00200
  2911	.00200
  2921	.00200
  2931	.00200
  2941	.00200
  2951	.00200
  2961	.00200
  2971	.00300
  2981	.00300
  2991	.00200
  3001	.00300
  3011	.00300
  3021	.00200
  3031	.00200
  3041	.00200
  3051	.00200
  3061	.00300
  3071	.00200
  3081	.00200
  3091	.00300
  3101	.00200
  3111	.00200
  3121	.00400
  3131	.00500
  3141	.00300
  3151	.00200
  3161	.00300
  3171	.00200
  3181	.00200
  3191	.00200
  3201	.00200
  3211	.00200
  3221	.00200
  3231	.00200
  3241	.00300
  3251	.00300
  3261	.00200
  3271	.00300
  3281	.00200
  3291	.00200
  3301	.00200
  3311	.00200
  3321	.00300
  3331	.00300
  3341	.00200
  3351	.00200
  3361	.00200
  3371	.00200
  3381	.00200
  3391	.00300
  3401	.00200
  3411	.00200
  3421	.00400
  3431	.00400
  3441	.00200
  3451	.00200
  3461	.00300
  3471	.00300
  3481	.00200
  3491	.00200
  3501	.00200
  3511	.00300
  3521	.00300
  3531	.00300
  3541	.00600
  3551	.00600
  3561	.00300
  3571	.00300
  3581	.00200
  3591	.00200
  3601	.01100
  3611	.01100
  3621	.00200
  3631	.00200
  3641	.00200
  3651	.00200
  3661	.00200
  3671	.00200
  3681	.00300
  3691	.00300
  3701	.00200
  3711	.00200
  3721	.00700
  3731	.00700
  3741	.00500
  3751	.00500
  3761	.00300
  3771	.00300
  3781	.00700
  3791	.00700
  3801	.00200
  3811	.00200
  3821	.00200
  3831	.00200
  3841	.00200
  3851	.00200
  3861	.00200
  3871	.00200
  3881	.00500
  3891	.00500
  3901	.00600
  3911	.00600
  3921	.00400
  3931	.00400
  3941	.00700
  3951	.00700
  3961	.00300
  3971	.00300
  3981	.00400
  3991	.00300
  4001	.00300
  4011	.00300
  4021	.00200
  4031	.00200
  4041	.00200
  4051	.00200
  4061	.00300
  4071	.00300
  4081	.00300
  4091	.00300
  4101	.00300
  4111	.00300
  4121	.00200
  4131	.00200
  4141	.00300
  4151	.00200
  4161	.00200
  4171	.00200
  4181	.00300
  4191	.00200
  4201	.00200
  4211	.00200
  4221	.00300
  4231	.00300
  4241	.00300
  4251	.00300
  4261	.00300
  4271	.00300
  4281	.00300
  4291	.00300
  4301	.00300
  4311	.00200
  4321	.00200
  4331	.00200
  4341	.00200
  4351	.00200
  4361	.00200
  4371	.00200
  4381	.00200
  4391	.00200
  4401	.00200
  4411	.00200
  4421	.00300
  4431	.00200
  4441	.00200
  4451	.00300
  4461	.00300
  4471	.00300
  4481	.00200
  4491	.00200
  4501	.00200
  4511	.00200
  4521	.00200
  4531	.00200
  4541	.00300
  4551	.00600
  4561	.00500
  4571	.00200
  4581	.00300
  4591	.00300
  4601	.00200
  4611	.00200
  4621	.00200
  4631	.00200
  4641	.00300
  4651	.00300
  4661	.00200
  4671	.00300
  4681	.00300
  4691	.00200
  4701	.00200
  4711	.00200
  4721	.00300
  4731	.00200
  4741	.00200
  4751	.00300
  4761	.00200
  4771	.00300
  4781	.00300
  4791	.00200
  4801	.00300
  4811	.00300
  4821	.00200
  4831	.00200
  4841	.00200
  4851	.00200
  4861	.00300
  4871	.00300
  4881	.00200
  4891	.00200
  4901	.00200
  4911	.00200
  4921	.00300
  4931	.00300
  4941	.00300
  4951	.00300
  4961	.00300
  4971	.00200
  4981	.00200
  4991	.00200
  5001	.00200
  5011	.00200
  5021	.00200
  5031	.00200
  5041	.00200
  5051	.00500
  5061	.00500
  5071	.00200
  5081	.00200
  5091	.00200
  5101	.00200
  5111	.00400
  5121	.00400
  5131	.00500
  5141	.00500
  5151	.00200
  5161	.00200
  5171	.00200
  5181	.00200
  5191	.00200
  5201	.00200
  5211	.00300
  5221	.00300
  5231	.00300
  5241	.00300
  5251	.00200
  5261	.00200
  5271	.00200
  5281	.00200
  5291	.00200
  5301	.00200
  5311	.00200
  5321	.00200
  5331	.00200
  5341	.00200
  5351	.00200
  5361	.00200
  5371	.00200
  5381	.00200
  5391	.00300
  5401	.00300
  5411	.00200
  5421	.00200
  5431	.00200
  5441	.00200
  5451	.00200
  5461	.00200
  5471	.00200
  5481	.00200
  5491	.00200
  5501	.00200
  5511	.00200
  5521	.00200
  5531	.00200
  5541	.00200
  5551	.00200
  5561	.00200
  5571	.00200
  5581	.00200
  5591	.00200
  5601	.00200
  5611	.00400
  5621	.00400
  5631	.00200
  5641	.00300
  5651	.00300
  5661	.00200
  5671	.00300
  5681	.00300
  5691	.00200
  5701	.00300
  5711	.00200
  5721	.00200
  5731	.00300
  5741	.00300
  5751	.00200
  5761	.00300
  5771	.00300
  5781	.00200
  5791	.00200
  5801	.00200
  5811	.00200
  5821	.00300
  5831	.00300
  5841	.00200
  5851	.00200
  5861	.00300
  5871	.00300
  5881	.00300
  5891	.00300
  5901	.00300
  5911	.00300
  5921	.00200
  5931	.00200
  5941	.00300
  5951	.00300
  5961	.00200
  5971	.00500
  5981	.00500
  5991	.00300
  6001	.00300
  6011	.00300
  6021	.00300
  6031	.00300
  6041	.00200
  6051	.00200
  6061	.00200
  6071	.00200
  6081	.00200
  6091	.00200
  6101	.00200
  6111	.00200
  6121	.00200
  6131	.00200
  6141	.00200
  6151	.00200
  6161	.00300
  6171	.00300
  6181	.00200
  6191	.00200
  6201	.00200
  6211	.00200
  6221	.00200
  6231	.00200
  6241	.00200
  6251	.00200
  6261	.00300
  6271	.00300
  6281	.00200
  6291	.00400
  6301	.00800
  6311	.00600
  6321	.00200
  6331	.00200
  6341	.00200
  6351	.00200
  6361	.00200
  6371	.00200
  6381	.00300
  6391	.00300
  6401	.00500
  6411	.00500
  6421	.00200
  6431	.00200
  6441	.00300
  6451	.00300
  6461	.00200
  6471	.00200
  6481	.00200
  6491	.00200
  6501	.00300
  6511	.00300
  6521	.00300
  6531	.00300
  6541	.00200
  6551	.00200
  6561	.00200
  6571	.00200
  6581	.00200
  6591	.00200
  6601	.00200
  6611	.00200
  6621	.00300
  6631	.00200
  6641	.00500
  6651	.00500
  6661	.00200
  6671	.00200
  6681	.00300
  6691	.00300
  6701	.00200
  6711	.00200
  6721	.00200
  6731	.00200
  6741	.00200
  6751	.00300
  6761	.00300
  6771	.00300
  6781	.00300
  6791	.00200
  6801	.00200
  6811	.00500
  6821	.00500
  6831	.00200
  6841	.00200
  6851	.00200
  6861	.00200
  6871	.00300
  6881	.00300
  6891	.00300
  6901	.00600
  6911	.00700
  6921	.00400
  6931	.00200
  6941	.00200
  6951	.00200
  6961	.00300
  6971	.00300
  6981	.00200
  6991	.00300
  7001	.00300
  7011	.00300
  7021	.00300
  7031	.00300
  7041	.00200
  7051	.00200
  7061	.00200
  7071	.00300
  7081	.00200
  7091	.00200
  7101	.00200
  7111	.00200
  7121	.00600
  7131	.00600
  7141	.00200
  7151	.00200
  7161	.00200
  7171	.00300
  7181	.00300
  7191	.00300
  7201	.00300
  7211	.00200
  7221	.00300
  7231	.00300
  7241	.00200
  7251	.00200
  7261	.00300
  7271	.00300
  7281	.00200
  7291	.00200
  7301	.00200
  7311	.00200
  7321	.00200
  7331	.00200
  7341	.00300
  7351	.00300
  7361	.00200
  7371	.00300
  7381	.00300
  7391	.00200
  7401	.00200
  7411	.00200
  7421	.00200
  7431	.00200
  7441	.00200
  7451	.00200
  7461	.00200
  7471	.00200
  7481	.00300
  7491	.00300
  7501	.00200
  7511	.00200
  7521	.00200
  7531	.00200
  7541	.00200
  7551	.00200
  7561	.00200
  7571	.00400
  7581	.00400
  7591	.00200
  7601	.00300
  7611	.00300
  7621	.00200
  7631	.00200
  7641	.00300
  7651	.00300
  7661	.00300
  7671	.00300
  7681	.00200
  7691	.00300
  7701	.00300
  7711	.00300
  7721	.00300
  7731	.00200
  7741	.00300
  7751	.00200
  7761	.00300
  7771	.00300
  7781	.00200
  7791	.00200
  7801	.00200
  7811	.00200
  7821	.00300
  7831	.00200
  7841	.00200
  7851	.00600
  7861	.00600
  7871	.00300
  7881	.00300
  7891	.00200
  7901	.00200
  7911	.00200
  7921	.00200
  7931	.00200
  7941	.00200
  7951	.00200
  7961	.00300
  7971	.00700
  7981	.00700
  7991	.00500
  8001	.00500
  8011	.00200
  8021	.00200
  8031	.00500
  8041	.00500
  8051	.00200
  8061	.00200
  8071	.00200
  8081	.00200
  8091	.00300
  8101	.00200
  8111	.00200
  8121	.00200
  8131	.00200
  8141	.00200
  8151	.00300
  8161	.00300
  8171	.00400
  8181	.00500
  8191	.00300
  8201	.00300
  8211	.00200
  8221	.00200
  8231	.00300
  8241	.00300
  8251	.00200
  8261	.00200
  8271	.00200
  8281	.00200
  8291	.00200
  8301	.00200
  8311	.00200
  8321	.00200
  8331	.00300
  8341	.00300
  8351	.00200
  8361	.00200
  8371	.00200
  8381	.00200
  8391	.00200
  8401	.00300
  8411	.00200
  8421	.00200
  8431	.00300
  8441	.00200
  8451	.00200
  8461	.00200
  8471	.00200
  8481	.00300
  8491	.00300
  8501	.00200
  8511	.00200
  8521	.00200
  8531	.00300
  8541	.00200
  8551	.00300
  8561	.00300
  8571	.00300
  8581	.00300
  8591	.00300
  8601	.00200
  8611	.00200
  8621	.00200
  8631	.00200
  8641	.00300
  8651	.00300
  8661	.00300
  8671	.00300
  8681	.00200
  8691	.00300
  8701	.00200
  8711	.00200
  8721	.00300
  8731	.00200
  8741	.00200
  8751	.00200
  8761	.00200
  8771	.00300
  8781	.00300
  8791	.00200
  8801	.00200
  8811	.00300
  8821	.00200
  8831	.00200
  8841	.00200
  8851	.00200
  8861	.00200
  8871	.00300
  8881	.00300
  8891	.00200
  8901	.00200
  8911	.00200
  8921	.00200
  8931	.00300
  8941	.00300
  8951	.00200
  8961	.00300
  8971	.00300
  8981	.00200
  8991	.00200
  9001	.00200
  9011	.00200
  9021	.00200
  9031	.00200
  9041	.00200
  9051	.00200
  9061	.00200
  9071	.00200
  9081	.00200
  9091	.00200
  9101	.00300
  9111	.00300
  9121	.00200
  9131	.00200
  9141	.00200
  9151	.00200
  9161	.00200
  9171	.00200
  9181	.00200
  9191	.00200
  9201	.00200
  9211	.00200
  9221	.00200
  9231	.00200
  9241	.00200
  9251	.00200
  9261	.00300
  9271	.00200
  9281	.00300
  9291	.00300
  9301	.00200
  9311	.00200
  9321	.00200
  9331	.00300
  9341	.00200
  9351	.00200
  9361	.00300
  9371	.00300
  9381	.00200
  9391	.00300
  9401	.00300
  9411	.00300
  9421	.00200
  9431	.00200
  9441	.00300
  9451	.00300
  9461	.00200
  9471	.00200
  9481	.00300
  9491	.00300
  9501	.00300
  9511	.00300
  9521	.00300
  9531	.00400
  9541	.00300
  9551	.00300
  9561	.00300
  9571	.00300
  9581	.00300
  9591	.00300
  9601	.00400
  9611	.00400
  9621	.00400
  9631	.00400
  9641	.00300
  9651	.00200
  9661	.00200
  9671	.00300
  9681	.00600
  9691	.00500
  9701	.00300
  9711	.00300
  9721	.00200
  9731	.00200
  9741	.00200
  9751	.00300
  9761	.00200
  9771	.00300
  9781	.00300
  9791	.00200
  9801	.00200
  9811	.00300
  9821	.00300
  9831	.00200
  9841	.00200
  9851	.00400
  9861	.00400
  9871	.00300
  9881	.00200
  9891	.00200
  9901	.00300
  9911	.00300
  9921	.00300
  9931	.00200
  9941	.00200
  9951	.00200
  9961	.00200
  9971	.00700
  9981	.00700
  9991	.00200
 10001	.00200
 10011	.00200
 10021	.00200
 10031	.00200
 10041	.00200
 10051	.00200
 10061	.00300
 10071	.00200
 10081	.00200
 10091	.00400
 10101	.00400
 10111	.00200
 10121	.00200
 10131	.00200
 10141	.00200
 10151	.00200
 10161	.00300
 10171	.00500
 10181	.00400
 10191	.00200
 10201	.00200
 10211	.00200
 10221	.00200
 10231	.00200
 10241	.00200
 10251	.00300
 10261	.00200
 10271	.00200
 10281	.00200
 10291	.00200
 10301	.00200
 10311	.00200
 10321	.00200
 10331	.00200
 10341	.00300
 10351	.00300
 10361	.00200
 10371	.00200
 10381	.00200
 10391	.00300
 10401	.00300
 10411	.00300
 10421	.00300
 10431	.00200
 10441	.00200
 10451	.00200
 10461	.00200
 10471	.00300
 10481	.00300
 10491	.00300
 10501	.00300
 10511	.00600
 10521	.00600
 10531	.00300
 10541	.00300
 10551	.00200
 10561	.00300
 10571	.00500
 10581	.00400
 10591	.00200
 10601	.00300
 10611	.00200
 10621	.00200
 10631	.00200
 10641	.00200
 10651	.00200
 10661	.00200
 10671	.00200
 10681	.00200
 10691	.00200
 10701	.00200
 10711	.00200
 10721	.00200
 10731	.00400
 10741	.00400
 10751	.00200
 10761	.00300
 10771	.00300
 10781	.00200
 10791	.00400
 10801	.00400
 10811	.00200
 10821	.00200
 10831	.00200
 10841	.00200
 10851	.00200
 10861	.00200
 10871	.00200
 10881	.00200
 10891	.00200
 10901	.00200
 10911	.00200
 10921	.00300
 10931	.00200
 10941	.00200
 10951	.00200
 10961	.00200
 10971	.00200
 10981	.00200
 10991	.00200
 11001	.00200
 11011	.00200
 11021	.00200
 11031	.00200
 11041	.00200
 11051	.00500
 11061	.00500
 11071	.00200
 11081	.00200
 11091	.00200
 11101	.00200
 11111	.00200
 11121	.00200
 11131	.00200
 11141	.00200
 11151	.00200
 11161	.00200
 11171	.00200
 11181	.00200
 11191	.00200
 11201	.00200
 11211	.00200
 11221	.00300
 11231	.00200
 11241	.00300
 11251	.00300
 11261	.00300
 11271	.00200
 11281	.00200
 11291	.00200
 11301	.00200
 11311	.00300
 11321	.00300
 11331	.00300
 11341	.00200
 11351	.00200
 11361	.00300
 11371	.00300
 11381	.00300
 11391	.00200
 11401	.00300
 11411	.00300
 11421	.00200
 11431	.00200
 11441	.00300
 11451	.00200
 11461	.00200
 11471	.00200
 11481	.00200
 11491	.00300
 11501	.00300
 11511	.00200
 11521	.00200
 11531	.00200
 11541	.00300
 11551	.00300
 11561	.00200
 11571	.00200
 11581	.00200
 11591	.00200
 11601	.00300
 11611	.00200
 11621	.00300
 11631	.00300
 11641	.00200
 11651	.00200
 11661	.00400
 11671	.00400
 11681	.00200
 11691	.00200
 11701	.00300
 11711	.00300
 11721	.00300
 11731	.00300
 11741	.00200
 11751	.00200
 11761	.00200
 11771	.00200
 11781	.00300
 11791	.00300
 11801	.00200
 11811	.00200
 11821	.00400
 11831	.00300
 11841	.00300
 11851	.00200
 11861	.00300
 11871	.00200
 11881	.00200
 11891	.00200
 11901	.00300
 11911	.00300
 11921	.00300
 11931	.00300
 11941	.00300
 11951	.00300
 11961	.00300
 11971	.00300
 11981	.00300
 11991	.00300
 12001	.00300
 12011	.00300
 12021	.00300
 12031	.00300
 12041	.00500
 12051	.00500
 12061	.00300
 12071	.00300
 12081	.00300
 12091	.00300
 12101	.00200
 12111	.00300
 12121	.00300
 12131	.00300
 12141	.00300
 12151	.00300
 12161	.00300
 12171	.00300
 12181	.00300
 12191	.00300
 12201	.00300
 12211	.00400
 12221	.00600
 12231	.00600
 12241	.00300
 12251	.00200
 12261	.00200
 12271	.00200
 12281	.00200
 12291	.00300
 12301	.00300
 12311	.00200
 12321	.00200
 12331	.00300
 12341	.00300
 12351	.00300
 12361	.00200
 12371	.00200
 12381	.00200
 12391	.00300
 12401	.00300
 12411	.00200
 12421	.00200
 12431	.00300
 12441	.00400
 12451	.00300
 12461	.00300
 12471	.00600
 12481	.00600
 12491	.00200
 12501	.00200
 12511	.00200
 12521	.00300
 12531	.00300
 12541	.00200
 12551	.00200
 12561	.00300
 12571	.00300
 12581	.00300
 12591	.00200
 12601	.00200
 12611	.00200
 12621	.00300
 12631	.00300
 12641	.00300
 12651	.00200
 12661	.00200
 12671	.00300
 12681	.00300
 12691	.00300
 12701	.00300
 12711	.00400
 12721	.00400
 12731	.00500
 12741	.00500
 12751	.00300
 12761	.00300
 12771	.00300
 12781	.00300
 12791	.00200
 12801	.00200
 12811	.00600
 12821	.00600
 12831	.00600
 12841	.00600
 12851	.00300
 12861	.00300
 12871	.00400
 12881	.00400
 12891	.00200
 12901	.00300
 12911	.00400
 12921	.00300
 12931	.00300
 12941	.00300
 12951	.00200
 12961	.00200
 12971	.00200
 12981	.00300
 12991	.00400
 13001	.00500
 13011	.00400
 13021	.00400
 13031	.00400
 13041	.00400
 13051	.00300
 13061	.00300
 13071	.00300
 13081	.00300
 13091	.00300
 13101	.00300
 13111	.00300
 13121	.00200
 13131	.00200
 13141	.00300
 13151	.00300
 13161	.00300
 13171	.00300
 13181	.00300
 13191	.00200
 13201	.00200
 13211	.00200
 13221	.00200
 13231	.00300
 13241	.00300
 13251	.00300
 13261	.00300
 13271	.00300
 13281	.00200
 13291	.00300
 13301	.00300
 13311	.00300
 13321	.00300
 13331	.00300
 13341	.00300
 13351	.00300
 13361	.00300
 13371	.00300
 13381	.00300
 13391	.00400
 13401	.00300
 13411	.00300
 13421	.00300
 13431	.00200
 13441	.00200
 13451	.00400
 13461	.00400
 13471	.00300
 13481	.00300
 13491	.00300
 13501	.00300
 13511	.00300
 13521	.00300
 13531	.00300
 13541	.00300
 13551	.00200
 13561	.00200
 13571	.00300
 13581	.00300
 13591	.00300
 13601	.00300
 13611	.00300
 13621	.00400
 13631	.00300
 13641	.00300
 13651	.00300
 13661	.00300
 13671	.00300
 13681	.00300
 13691	.00300
 13701	.00300
 13711	.00200
 13721	.00200
 13731	.00300
 13741	.00300
 13751	.00300
 13761	.00300
 13771	.00300
 13781	.00400
 13791	.00300
 13801	.00200
 13811	.00200
 13821	.00200
 13831	.00300
 13841	.00200
 13851	.00200
 13861	.00300
 13871	.00300
 13881	.00300
 13891	.00300
 13901	.00300
 13911	.00300
 13921	.00300
 13931	.00300
 13941	.00200
 13951	.00200
 13961	.00300
 13971	.00300
 13981	.00200
 13991	.00200
 14001	.00300
 14011	.00300
 14021	.00300
 14031	.00300
 14041	.00200
 14051	.00200
 14061	.00200
 14071	.00200
 14081	.00200
 14091	.00300
 14101	.00500
 14111	.00500
 14121	.00300
 14131	.00300
 14141	.00300
 14151	.00300
 14161	.00200
 14171	.00200
 14181	.00200
 14191	.00200
 14201	.00500
 14211	.00500
 14221	.00400
 14231	.00300
 14241	.00300
 14251	.00300
 14261	.00300
 14271	.00300
 14281	.00300
 14291	.00300
 14301	.00500
 14311	.00700
 14321	.00500
 14331	.00300
 14341	.00400
 14351	.00400
 14361	.00300
 14371	.00200
 14381	.00300
 14391	.00300
 14401	.00400
 14411	.00300
 14421	.00200
 14431	.00400
 14441	.00400
 14451	.00400
 14461	.00600
 14471	.00500
 14481	.00300
 14491	.00400
 14501	.00400
 14511	.00200
 14521	.00600
 14531	.00600
 14541	.00300
 14551	.00300
 14561	.00300
 14571	.00300
 14581	.00300
 14591	.00300
 14601	.00300
 14611	.00200
 14621	.00300
 14631	.00300
 14641	.00500
 14651	.00500
 14661	.00300
 14671	.00200
 14681	.00200
 14691	.00300
 14701	.00400
 14711	.00400
 14721	.00300
 14731	.00200
 14741	.00200
 14751	.00300
 14761	.00300
 14771	.00200
 14781	.00300
 14791	.00300
 14801	.00300
 14811	.00300
 14821	.00300
 14831	.00300
 14841	.00300
 14851	.00300
 14861	.00300
 14871	.00300
 14881	.00300
 14891	.00300
 14901	.00200
 14911	.00200
 14921	.00300
 14931	.00300
 14941	.00200
 14951	.00300
 14961	.00300
 14971	.00200
 14981	.00200
 14991	.00200
 15001	.00200
 15011	.00200
 15021	.00200
 15031	.00300
 15041	.00300
 15051	.00300
 15061	.00300
 15071	.00200
 15081	.00200
 15091	.00300
 15101	.00300
 15111	.00300
 15121	.00300
 15131	.00200
 15141	.00200
 15151	.00300
 15161	.00300
 15171	.00200
 15181	.00200
 15191	.00200
 15201	.00200
 15211	.00300
 15221	.00300
 15231	.00300
 15241	.00300
 15251	.00200
 15261	.00200
 15271	.00300
 15281	.00200
 15291	.00300
 15301	.00300
 15311	.00300
 15321	.00300
 15331	.00300
 15341	.00500
 15351	.00600
 15361	.00300
 15371	.00200
 15381	.00200
 15391	.00200
 15401	.00200
 15411	.00200
 15421	.00200
 15431	.00300
 15441	.00300
 15451	.00200
 15461	.00200
 15471	.00200
 15481	.00200
 15491	.00200
 15501	.00200
 15511	.00200
 15521	.00200
 15531	.00300
 15541	.00300
 15551	.00200
 15561	.00200
 15571	.00200
 15581	.00200
 15591	.00200
 15601	.00200
 15611	.00200
 15621	.00300
 15631	.00300
 15641	.00300
 15651	.00300
 15661	.00200
 15671	.00200
 15681	.00300
 15691	.00200
 15701	.00200
 15711	.00200
 15721	.00200
 15731	.00200
 15741	.00300
 15751	.00300
 15761	.00200
 15771	.00300
 15781	.00300
 15791	.00300
 15801	.00300
 15811	.00300
 15821	.00300
 15831	.00200
 15841	.00300
 15851	.00200
 15861	.00200
 15871	.00300
 15881	.00200
 15891	.00200
 15901	.00200
 15911	.00200
 15921	.00200
 15931	.00200
 15941	.00200
 15951	.00200
 15961	.00300
 15971	.00300
 15981	.00200
 15991	.00300
 16001	.00300
 16011	.00400
 16021	.00300
 16031	.00600
 16041	.00600
 16051	.00300
 16061	.00200
 16071	.00200
 16081	.00300
 16091	.00300
 16101	.00300
 16111	.00300
 16121	.00200
 16131	.00200
 16141	.00200
 16151	.00300
 16161	.00500
 16171	.00500
 16181	.00200
 16191	.00200
 16201	.00400
 16211	.00400
 16221	.00200
 16231	.00300
 16241	.00400
 16251	.00300
 16261	.00300
 16271	.00200
 16281	.00300
 16291	.00300
 16301	.00300
 16311	.00300
 16321	.00700
 16331	.00400
 16341	.00200
 16351	.00200
 16361	.00300
 16371	.00300
 16381	.00300
 16391	.00400
 16401	.00400
 16411	.00400
 16421	.00400
 16431	.00300
 16441	.00300
 16451	.00300
 16461	.00200
 16471	.00200
 16481	.00400
 16491	.00400
 16501	.00300
 16511	.00300
 16521	.00300
 16531	.00300
 16541	.00300
 16551	.00300
 16561	.00300
 16571	.00300
 16581	.00200
 16591	.00300
 16601	.00300
 16611	.00300
 16621	.00300
 16631	.00300
 16641	.00300
 16651	.00300
 16661	.00300
 16671	.00200
 16681	.00300
 16691	.00300
 16701	.00300
 16711	.00300
 16721	.00300
 16731	.00300
 16741	.00200
 16751	.00300
 16761	.00300
 16771	.00300
 16781	.00300
 16791	.00300
 16801	.00300
 16811	.00300
 16821	.00300
 16831	.00300
 16841	.00200
 16851	.00300
 16861	.00300
 16871	.00300
 16881	.00300
 16891	.00300
 16901	.00200
 16911	.00300
 16921	.00300
 16931	.00200
 16941	.00200
 16951	.00200
 16961	.00200
 16971	.00200
 16981	.00300
 16991	.00300
 17001	.00200
 17011	.00200
 17021	.00200
 17031	.00200
 17041	.00200
 17051	.00200
 17061	.00200
 17071	.00200
 17081	.00200
 17091	.00200
 17101	.00200
 17111	.00200
 17121	.00200
 17131	.00500
 17141	.00500
 17151	.00400
 17161	.00400
 17171	.00400
 17181	.00300
 17191	.00200
 17201	.00300
 17211	.00300
 17221	.00300
 17231	.00300
 17241	.00200
 17251	.00400
 17261	.00400
 17271	.00300
 17281	.00300
 17291	.00300
 17301	.00300
 17311	.00300
 17321	.00300
 17331	.00300
 17341	.00300
 17351	.00300
 17361	.00300
 17371	.00300
 17381	.00300
 17391	.00300
 17401	.00300
 17411	.00300
 17421	.00400
 17431	.00300
 17441	.00300
 17451	.00600
 17461	.00600
 17471	.00300
 17481	.00300
 17491	.00700
 17501	.00700
 17511	.00300
 17521	.00300
 17531	.00300
 17541	.00300
 17551	.00200
 17561	.00300
 17571	.00300
 17581	.00300
 17591	.00300
 17601	.00300
 17611	.00200
 17621	.00300
 17631	.00300
 17641	.00300
 17651	.00400
 17661	.00400
 17671	.00400
 17681	.00400
 17691	.00400
 17701	.00400
 17711	.00300
 17721	.00300
 17731	.00300
 17741	.00300
 17751	.00400
 17761	.00400
 17771	.00300
 17781	.00300
 17791	.00300
 17801	.00300
 17811	.00600
 17821	.00600
 17831	.00300
 17841	.00300
 17851	.00400
 17861	.00400
 17871	.00400
 17881	.00300
 17891	.00200
 17901	.00200
 17911	.00200
 17921	.00300
 17931	.00300
 17941	.00200
 17951	.00200
 17961	.00200
 17971	.00300
 17981	.00300
 17991	.00300
 18001	.00300
 18011	.00300
 18021	.00500
 18031	.00700
 18041	.00600
 18051	.00500
 18061	.00300
 18071	.00300
 18081	.00300
 18091	.00300
 18101	.00300
 18111	.00400
 18121	.00400
 18131	.00500
 18141	.00500
 18151	.00300
 18161	.00300
 18171	.00300
 18181	.00300
 18191	.00300
 18201	.00300
 18211	.00500
 18221	.00500
 18231	.00200
 18241	.00300
 18251	.00200
 18261	.00200
 18271	.00200
 18281	.00200
 18291	.00200
 18301	.00300
 18311	.00200
 18321	.00200
 18331	.00200
 18341	.00300
 18351	.00200
 18361	.00300
 18371	.00300
 18381	.00300
 18391	.00300
 18401	.00600
 18411	.00600
 18421	.00300
 18431	.00300
 18441	.00300
 18451	.00300
 18461	.00200
 18471	.00300
 18481	.00200
 18491	.00200
 18501	.00300
 18511	.00300
 18521	.00200
 18531	.00200
 18541	.00200
 18551	.00200
 18561	.00300
 18571	.00300
 18581	.00200
 18591	.00200
 18601	.00500
 18611	.00500
 18621	.00200
 18631	.00200
 18641	.00200
 18651	.00200
 18661	.00300
 18671	.00200
 18681	.00300
 18691	.00300
 18701	.00300
 18711	.00300
 18721	.00300
 18731	.00300
 18741	.00200
 18751	.00200
 18761	.00200
 18771	.00200
 18781	.00300
 18791	.00200
 18801	.00200
 18811	.00200
 18821	.00300
 18831	.00300
 18841	.00200
 18851	.00200
 18861	.00200
 18871	.00200
 18881	.00200
 18891	.00200
 18901	.00200
 18911	.00200
 18921	.00400
 18931	.00400
 18941	.00200
 18951	.00200
 18961	.00300
 18971	.00300
 18981	.00200
 18991	.00200
 19001	.00200
 19011	.00200
 19021	.00200
 19031	.00200
 19041	.00200
 19051	.00200
 19061	.00200
 19071	.00200
 19081	.00300
 19091	.00300
 19101	.00300
 19111	.00300
 19121	.00200
 19131	.00300
 19141	.00300
 19151	.00200
 19161	.00300
 19171	.00300
 19181	.00300
 19191	.00300
 19201	.00400
 19211	.00300
 19221	.00300
 19231	.00300
 19241	.00200
 19251	.00200
 19261	.00200
 19271	.00300
 19281	.00300
 19291	.00200
 19301	.00300
 19311	.00300
 19321	.00200
 19331	.00200
 19341	.00300
 19351	.00200
 19361	.00200
 19371	.00200
 19381	.00200
 19391	.00200
 19401	.00200
 19411	.00200
 19421	.00200
 19431	.00200
 19441	.00200
 19451	.00200
 19461	.00300
 19471	.00300
 19481	.00200
 19491	.00300
 19501	.00300
 19511	.00300
 19521	.00300
 19531	.00200
 19541	.00200
 19551	.00200
 19561	.00200
 19571	.00300
 19581	.00700
 19591	.00600
 19601	.00200
 19611	.00200
 19621	.00200
 19631	.00200
 19641	.00200
 19651	.00200
 19661	.00300
 19671	.00300
 19681	.00300
 19691	.00300
 19701	.00300
 19711	.00300
 19721	.00300
 19731	.00300
 19741	.00200
 19751	.00300
 19761	.00300
 19771	.00300
 19781	.00300
 19791	.00300
 19801	.00300
 19811	.00200
 19821	.00200
 19831	.00200
 19841	.00200
 19851	.00300
 19861	.00300
 19871	.00300
 19881	.00200
 19891	.00300
 19901	.00300
 19911	.00300
 19921	.00300
 19931	.00300
 19941	.00300
 19951	.00300
 19961	.00300
 19971	.00300
 19981	.00300
 19991	.00900
 20001	.00900
 20011	.00200
 20021	.00200
 20031	.00300
 20041	.00300
 20051	.00300
 20061	.00300
 20071	.00300
 20081	.00300
 20091	.00300
 20101	.00300
 20111	.00300
 20121	.00300
 20131	.00300
 20141	.00300
 20151	.00300
 20161	.00400
 20171	.00300
 20181	.00300
 20191	.00300
 20201	.00300
 20211	.00300
 20221	.00300
 20231	.00300
 20241	.00300
 20251	.00400
 20261	.00400
 20271	.00300
 20281	.00200
 20291	.00300
 20301	.00300
 20311	.00300
 20321	.00300
 20331	.00200
 20341	.00200
 20351	.00200
 20361	.00200
 20371	.00200
 20381	.00200
 20391	.00200
 20401	.00300
 20411	.00300
 20421	.00300
 20431	.00300
 20441	.00300
 20451	.00200
 20461	.00200
 20471	.00200
 20481	.00200
 20491	.00200
 20501	.00300
 20511	.00300
 20521	.00300
 20531	.00300
 20541	.00300
 20551	.00200
 20561	.00300
 20571	.00300
 20581	.00300
 20591	.00300
 20601	.00200
 20611	.00200
 20621	.00300
 20631	.00400
 20641	.00400
 20651	.00200
 20661	.00200
 20671	.00200
 20681	.00200
 20691	.00200
 20701	.00200
 20711	.00200
 20721	.00300
 20731	.00300
 20741	.00400
 20751	.00300
 20761	.00300
 20771	.00400
 20781	.00300
 20791	.00200
 20801	.00300
 20811	.00300
 20821	.00300
 20831	.00200
 20841	.00300
 20851	.00300
 20861	.00200
 20871	.00200
 20881	.00200
 20891	.00200
 20901	.00300
 20911	.00300
 20921	.00200
 20931	.00300
 20941	.00300
 20951	.00200
 20961	.00300
 20971	.00300
 20981	.00300
 20991	.00300
 21001	.00300
 21011	.00300
 21021	.00200
 21031	.00200
 21041	.00200
 21051	.00200
 21061	.00200
 21071	.00200
 21081	.00200
 21091	.00300
 21101	.00300
 21111	.00300
 21121	.00200
 21131	.00300
 21141	.00300
 21151	.00300
 21161	.00300
 21171	.00300
 21181	.00200
 21191	.00200
 21201	.00200
 21211	.00200
 21221	.00300
 21231	.00300
 21241	.00500
 21251	.00500
 21261	.00300
 21271	.00300
 21281	.00200
 21291	.00200
 21301	.00200
 21311	.00200
 21321	.00200
 21331	.00200
 21341	.00500
 21351	.00600
 21361	.00700
 21371	.00700
 21381	.01300
 21391	.02200
 21401	.02800
 21411	.01800
 21421	.00400
 21431	.00400
 21441	.00500
 21451	.00500
 21461	.00300
 21471	.00300
 21481	.00300
 21491	.00300
 21501	.00600
 21511	.00500
 21521	.00300
 21531	.00300
 21541	.00500
 21551	.00500
 21561	.00300
 21571	.00300
 21581	.00200
 21591	.00200
 21601	.00200
 21611	.00200
 21621	.00300
 21631	.00200
 21641	.00200
 21651	.00300
 21661	.00300
 21671	.00300
 21681	.00600
 21691	.00600
 21701	.00300
 21711	.00300
 21721	.00200
 21731	.00200
 21741	.00200
 21751	.00300
 21761	.00300
 21771	.00300
 21781	.00400
